-66188896 -2057923744 -1480647680
32764 22076 32736
1 -1481746227 746562304
0 32736 675225448
-2043814112 0 -2057736288
11 0 0 0 0 0 0 0 0 
0 -1481985493 32736 432 0 -1481985024 32736 -2043813728 0 
746562304 675225448 -1480647680 0 -152 -1 11 0 -1481985493 
32736 -2043680624 22076 746562304 675225448 -2043439696 0 -152 -1 
11 0 0 0 0 0 -1472712704 32736 -2075193992 
-2058689696 22076 746562304 675225448 -2043439696 22076 -1481985493 32736 11 
0 746562304 675225448 -66266440 0 746562304 675225448 11 0 
746562304 675225448 11 0 -152 -1 11 0 0 
0 -66266440 32764 -1472712704 32736 -2075193992 22076 -1481974605 32736 
0 0 -2043760176 22076 -66267120 32764 -66266456 32764 -66267120 
